image_width: 640
image_height: 480
camera_name: picam
camera_matrix:
  rows: 3
  cols: 3
  data: [421.814531, 0.000000, 299.985780, 0.000000, 423.910970, 301.220357, 0.000000, 0.000000, 1.000000]
distortion_model: plumb_bob
distortion_coefficients:
  rows: 1
  cols: 5
  data: [-0.282966, 0.062635, 0.000324, -0.000769, 0.000000]
rectification_matrix:
  rows: 3
  cols: 3
  data: [1.000000, 0.000000, 0.000000, 0.000000, 1.000000, 0.000000, 0.000000, 0.000000, 1.000000]
projection_matrix:
  rows: 3
  cols: 4
  data: [332.779999, 0.000000, 285.994554, 0.000000, 0.000000, 365.739471, 315.937153, 0.000000, 0.000000, 0.000000, 1.000000, 0.000000]
